0.5462	2.2670
0.5617	2.4985
1.3933	3.1983
3.4142	5.2609
3.6460	5.4106
4.6113	6.0548
5.0824	6.7307
5.7686	7.3465
5.9152	7.8389
6.1322	7.9634
7.6050	9.4577
7.6187	9.4945
8.5039	10.2079
8.6331	10.5526
8.6744	10.6420
9.9896	11.6533
11.0888	12.6490
11.2648	12.9422
11.6709	13.3038
12.0995	13.8701
13.2815	15.3231
15.7712	17.7946
16.5641	18.7881
16.6238	19.2663
17.1979	20.1948
17.7007	20.7204
17.7381	20.8098
18.7935	21.3083
19.4651	21.8623
20.0785	22.2444
20.4531	22.5471
20.5631	22.9159
21.6467	23.2979
21.8257	23.7127
22.9691	24.8495
24.1848	25.7948
24.6747	26.1658
25.0367	26.8249
25.2561	26.9519
26.2167	28.7724
26.2352	28.7961
26.2741	28.8122
26.3113	28.7283
28.5401	30.0528
28.7366	30.7242
29.0495	31.0289
29.2868	31.2271
29.6051	31.3723
30.0908	31.9287
30.1781	31.9519
30.4857	32.5647
31.7887	33.9815
33.1471	34.7206
33.5157	35.0514
33.7205	35.3210
33.9635	35.6161
34.2084	35.7168
34.4923	36.3600
34.6055	36.3525
35.2540	37.0155
36.9212	38.7874
36.9483	38.8977
37.3415	39.2184
37.6848	39.7966
37.8637	39.9451
38.7521	40.5245
39.0082	40.5581
39.9876	41.6237
40.8650	42.8906
41.4553	43.5419
41.6555	43.6519
42.0500	44.0723
42.7256	44.7699
43.2056	45.0016
43.5709	45.0993
44.9384	46.6262
45.3485	47.1232
46.1708	48.0667
50.1914	52.5200
50.4772	52.9590
50.8948	53.3742
51.0144	53.4922
51.6281	53.8268
51.8407	54.2076
53.1268	54.6970
53.8822	56.5630
54.0955	56.6680
55.9886	57.7740
56.0084	57.7184
56.8092	58.3468
57.4797	58.8868
57.6748	59.2728
59.1321	61.1833
59.1932	61.5117
59.2427	61.9433
59.3328	61.9506
60.0624	62.8979
60.2413	63.1667
60.4689	63.4226
61.0981	63.8738
61.4871	64.3203
62.1135	64.7790
62.3896	65.0030
63.2453	65.7307
63.3684	65.9736
63.5535	66.0635
63.8188	66.9964
64.2379	67.8918
64.5696	68.6310
64.6609	68.7063
65.0192	69.2677
65.2401	69.5529
65.4025	69.7190
65.8206	70.3382
66.5306	71.1219
67.8535	71.9257
67.9020	72.1026
67.9941	72.1148
68.7799	72.3998
70.2492	72.7858
70.5349	73.0260
71.1400	73.7265
71.4252	73.9576
71.7847	74.1482
72.0063	74.3566
73.5114	75.2020
74.2285	75.7915
74.5946	76.6602
74.6203	76.7604
75.0505	76.7637
75.3512	76.9370
76.1269	77.9192
79.9071	81.7977
80.6554	82.5952
81.2147	83.3552
81.5145	83.6726
81.9315	84.2938
81.9648	84.1322
82.7363	84.9764
82.7527	85.0205
83.1885	86.2717
83.2878	86.5311
83.4117	86.6331
83.4245	86.6508
83.5511	86.9743
83.5946	86.8458
83.7389	87.1106
83.8019	87.2045
84.0760	87.4146
84.2252	87.3640
86.7613	88.4445
88.0527	89.7162
89.4496	91.1029
89.8296	91.4375
90.6831	92.1211
91.1083	92.9804
92.9613	94.9787
92.9860	95.0647
93.8448	96.0315
94.1327	96.0369
96.0983	99.2064
96.3920	99.6684
96.4323	99.5046
96.7703	99.9785
97.4302	100.4724
97.6275	100.5755
98.5028	100.7982
99.0054	101.0355
99.7154	101.2790
100.0781	101.8904
101.1725	103.0503
101.8262	103.4632
102.0067	103.6401
102.3445	104.1262
103.0989	104.7366
103.6098	105.5128
104.3230	106.3808
104.8519	106.8591
105.2519	107.5533
105.4850	108.7252
105.7553	109.2454
105.8634	109.5234
106.0185	109.8953
106.2708	110.2117
107.0494	111.0150
107.2187	111.2384
108.2796	111.7847
108.2803	111.8980
108.5146	111.8557
109.2197	111.9210
110.8401	113.3154
111.0316	113.6114
111.5195	114.2729
111.9129	114.4886
112.3463	114.6128
112.6409	114.8574
113.2668	115.5529
113.4542	115.7098
113.9291	115.9621
115.7101	117.5981
116.3560	118.1383
117.2423	118.9089
117.8435	119.7076
118.1686	120.2949
118.3620	120.6532
118.6989	120.7661
121.0326	122.6912
123.1387	125.2182
124.8090	126.5286
125.8660	127.3816
126.0526	128.6299
126.3441	129.3606
126.4147	129.1903
127.0189	129.4571
128.0624	129.7575
128.8878	130.5945
129.1239	131.1841
129.1519	131.1545
129.6693	131.5002
130.3862	132.2631
130.8160	132.4083
131.3704	133.3714
131.6035	133.7238
132.0770	134.6122
132.3247	134.8715
132.5514	135.2178
132.6197	135.1869
135.2361	136.9330
136.5053	138.0989
137.7624	140.1342
137.8888	140.2690
140.0918	141.6611
140.4619	142.2250
140.6917	142.4588
141.0620	143.0736
141.1240	142.9956
141.2569	143.1028
142.0405	143.7056
144.1929	145.6728
144.6984	146.4810
145.0869	147.1416
145.4606	147.4134
145.9147	147.7247
145.9341	147.8092
147.4816	149.3596
147.8665	149.8843
149.8320	151.3211
150.3546	152.0007
151.9007	153.4899
152.6853	155.2440
152.7228	155.3255
152.7341	155.4416
153.2454	155.9539
153.7682	156.1896
154.2206	156.3694
156.1492	157.7389
156.7803	158.5239
157.6526	159.3667
158.5005	159.9505
158.8285	160.5678
159.8130	161.4880
160.3850	161.8705
160.5573	162.1367
161.2094	163.7057
162.9888	164.6650
163.4215	165.6285
163.4619	165.5859
163.5612	165.7140
164.6403	166.5995
164.8344	166.9189
164.9841	166.8395
165.6204	167.3307
166.1648	167.7098
167.3280	168.8765
168.2301	169.7325
169.1371	170.9891
170.0482	171.7100
170.7056	172.3706
170.9246	172.6902
171.0717	173.1434
171.3435	173.5490
171.3727	173.6877
171.7348	173.6726
172.4182	174.1069
172.5568	174.3472
173.0824	174.5487
173.6684	175.2531
173.8280	175.6225
173.8839	175.7634
174.3859	176.2279
175.5040	177.7364
175.8065	177.7847
176.3863	177.9105
177.4819	179.0339
177.6808	179.4881
177.7522	179.9120
177.8864	180.1989
178.0572	180.6335
178.4771	180.6666
178.5875	180.8422
179.9949	181.8163
180.0016	181.6594
181.7552	183.3213
182.1854	183.7710
182.2725	183.9966
182.9341	185.2788
183.0791	185.2200
183.1023	185.4188
184.4076	186.3401
184.5049	186.6386
184.7535	187.1387
185.0627	187.4602
185.0821	187.2522
185.8240	187.7410
187.2986	189.0374
187.7968	189.8130
187.8396	189.7700
190.6387	192.3051
191.6854	193.6034
192.9573	194.4552
194.1586	196.7397
194.2580	196.6670
195.9710	199.4516
196.0480	199.4656
196.2080	199.6053
196.6464	199.9087
197.1484	200.2405
198.4121	200.7013
198.5279	200.6951
198.5777	200.7887
199.5477	201.2086
199.5544	201.3396
199.9107	201.6524
199.9663	201.8502
200.2362	201.9217
203.9039	205.3843
204.2082	205.8938
204.2257	205.8767
205.3537	207.6003
205.5209	207.5869
206.1228	207.8410
208.4219	210.0917
208.8221	210.6523
208.9453	210.9927
209.3679	211.8362
209.6597	212.3371
210.0016	213.1377
210.1265	213.5215
210.4177	214.3032
210.9464	215.0773
211.8965	215.7304
212.0765	215.5724
216.3494	217.8854
216.5505	218.1371
217.0725	218.5555
217.4226	219.0187
218.1452	219.6357
218.7292	220.1904
219.5752	221.3662
219.6059	221.4557
219.9509	221.7556
220.3680	222.1304
220.4485	222.0725
220.6941	222.5222
220.9594	222.6318
221.6998	223.3158
222.4762	223.9599
223.2624	225.1737
223.9452	225.3630
225.1408	226.6578
225.7866	227.4376
226.0703	228.0051
227.6321	229.3048
230.0738	231.6655
230.5452	232.3250
232.1438	234.0202
232.9233	236.6957
233.1056	237.3386
233.4205	237.8483
233.5152	238.1315
233.7572	238.5100
234.2388	238.9960
234.4642	239.1456
234.5307	239.3530
235.0482	239.5050
236.7093	240.3350
236.8979	240.2966
237.7434	240.3693
239.4993	241.5053
239.9022	242.2298
241.2542	242.6816
241.7783	243.3742
241.8779	243.3994
242.8624	245.0627
243.0840	245.0836
244.0965	245.6172
244.8677	246.2882
245.2887	247.5635
245.4530	247.7350
246.0793	248.2954
246.2158	248.6354
246.2529	248.5310
246.2772	248.5556
247.5965	249.2055
247.9102	250.1409
247.9676	249.9771
248.3058	250.3359
249.6975	251.2111
250.0890	251.7154
250.2001	252.0032
250.5791	253.2871
250.6799	253.7337
250.6836	253.5245
251.1539	254.0073
251.6598	254.4141
252.4041	254.8383
252.8156	255.0144
253.6835	255.5189
253.9963	255.6055
256.2504	258.0558
257.8585	259.4006
258.3986	260.2505
258.8671	260.8864
260.4748	262.0569
260.9413	262.9197
261.1618	263.6213
261.7524	264.6534
261.9031	264.7924
262.3360	265.0937
262.8117	265.3125
262.9812	265.3959
264.5026	266.0386
265.1290	266.7520
266.1492	268.0875
266.2209	268.1738
267.0110	268.6122
268.3958	269.9901
268.8528	270.3408
269.1728	271.6894
269.1964	271.9163
269.4015	272.6695
269.7821	273.3659
269.8285	273.2750
270.2747	273.7048
270.3777	273.8261
270.9678	273.9033
271.1917	274.1531
272.0611	274.3588
273.3163	275.0473
274.3280	276.2893
274.5080	277.5888
274.7679	278.2208
275.2237	278.8030
276.2706	279.3398
277.7220	280.6962
277.8576	280.7612
278.0989	280.9614
278.4187	281.4755
278.6050	281.8602
278.9976	282.5341
279.6647	283.1079
279.9635	283.0936
280.0962	283.1688
281.8533	283.3602
282.6356	284.4565
282.8466	284.9383
283.3538	285.3703
283.7703	286.2075
283.8449	286.2900
284.2846	287.1579
284.3236	287.3025
284.4145	287.2992
284.4460	287.2113
284.8347	287.6406
287.7072	289.4340
288.6074	291.0014
288.8241	291.6521
290.6126	293.2542
291.2205	293.7661
293.3883	295.2075
294.0195	295.7230
294.6532	296.3039
295.0317	296.6396
295.5081	297.1557
297.5979	299.0653
298.5006	299.9830
299.1385	301.1364
299.2701	301.3025
299.7488	302.1355
299.8006	302.2617
300.0588	302.7824
300.6147	303.4722
301.0005	304.0076
301.0092	303.9791
301.3952	304.3655
301.4754	304.3809
302.4698	304.8314
303.2669	305.0121
304.2027	305.8375
305.7711	307.2775
306.8521	308.2832
307.4598	309.0589
308.5772	310.4890
309.2423	311.6184
309.7716	312.0839
309.8759	312.2483
311.4155	313.0004
311.5955	313.0986
312.6842	314.5689
312.6921	314.4786
313.7242	315.7845
313.8238	316.1008
314.0103	316.4328
314.1741	316.6952
315.0815	317.0183
316.3856	318.0974
317.0081	318.5773
317.5180	319.0466
318.0651	320.1503
318.1112	320.2866
319.1084	320.7387
320.2720	322.0405
320.4417	322.3169
320.4744	322.4610
320.9260	322.5527
321.2902	322.8879
321.5405	323.5933
322.3827	324.7366
322.4208	324.6716
322.7161	324.9205
324.5977	326.8008
324.6197	326.6938
324.7802	326.8263
327.0041	328.8258
327.1113	329.0802
327.3261	329.4627
327.3380	329.4382
328.4090	329.8805
328.6574	330.6095
328.8135	330.7247
330.7117	332.4286
330.8875	332.9315
331.3080	333.9729
331.4160	334.2162
331.7451	334.4435
332.1171	334.7449
332.4943	334.9200
333.3577	335.6971
333.4492	335.6320
334.2484	336.1468
334.6839	336.4983
337.2221	338.7677
338.2323	339.6329
340.1621	342.1432
340.9072	342.4851
341.4028	343.2333
341.6221	343.2695
342.8560	344.8158
343.8091	345.4010
344.1197	346.4051
344.5344	347.6851
344.6504	347.7408
344.6543	347.7375
347.2074	348.9262
347.5126	349.1054
347.7837	349.2532
347.9560	350.2210
348.0592	350.1332
348.9753	350.7199
350.1032	351.6365
351.0741	352.9968
351.2399	353.3034
351.7167	353.9675
351.7509	353.9172
352.0805	354.1774
352.3934	354.4081
353.4718	355.0694
353.9452	355.5995
354.2895	356.0670
354.8334	356.4731
355.0712	356.7868
355.9874	357.7812
356.1622	357.9341
356.6183	358.2109
358.1599	360.8369
358.3715	361.0778
359.1375	361.8319
359.2368	361.7839
361.3186	363.1883
361.6581	363.6687
361.6987	363.4304
362.6917	364.5052
362.7329	364.6297
364.4594	366.1565
367.1399	369.3894
369.2545	371.0440
369.3502	371.2171
370.3067	372.0065
371.5060	373.2637
372.0571	373.6856
372.3814	374.2402
372.5949	374.5998
373.1960	375.3184
373.2581	375.4379
376.1016	377.7737
376.2119	378.4020
376.2979	378.7944
376.6307	379.5057
376.6391	379.6577
376.9856	379.6996
377.6164	379.8860
378.1568	379.9424
380.6066	382.6501
380.7176	382.9523
380.7828	382.8199
381.5929	383.1078
381.6899	383.4108
384.1493	385.9956
385.2165	387.1617
386.0537	388.5992
386.9206	390.0927
386.9721	390.0852
387.8372	391.5919
388.1456	392.0858
388.6859	392.8701
388.8519	393.2384
389.0912	393.5660
389.4280	394.1083
389.4485	394.1037
389.5723	394.0027
390.0118	394.2875
391.2557	395.0764
391.6728	395.4055
392.1039	395.4111
392.8045	395.8718
393.0585	395.8923
394.7131	396.6405
394.7213	396.7004
395.3484	397.5628
396.9596	398.9449
397.6176	399.5946
399.3420	400.8394
399.6132	401.4722
400.7256	402.2029
401.1668	402.9350
402.8190	404.6472
402.8380	404.8233
403.2419	405.5402
403.4453	405.7251
404.2937	406.1041
405.3861	407.2204
405.7784	407.5772
407.2591	408.8085
408.4435	409.9975
408.8451	410.4614
410.0626	411.7076
411.4752	412.9781
413.1661	414.5983
413.8420	415.4767
414.6556	416.4555
416.8592	418.4996
417.5888	419.3921
417.7767	419.8014
418.2067	420.2921
418.3757	420.5966
419.6256	421.5465
420.7172	422.4396
421.8374	423.6737
422.0881	424.1892
422.1038	424.2325
422.3196	424.7146
422.7326	425.1553
422.7882	425.1456
423.1409	425.6706
423.1908	425.7313
423.8047	426.5222
424.0917	426.7743
424.5514	426.9133
425.5409	427.9335
426.1189	427.9725
426.9117	428.7595
428.2238	430.1114
429.4297	431.0405
429.8855	431.6639
429.9092	431.6622
430.7727	432.5845
431.0467	434.3169
431.0668	434.2760
431.2224	434.6405
431.2516	434.8350
431.6479	435.1098
432.1139	435.3042
433.1700	435.6951
433.2651	435.8516
433.6225	435.9515
434.0307	436.0691
434.6310	436.3483
434.7798	436.6122
435.0681	436.7093
435.6936	437.2742
436.1880	437.9359
436.3341	437.9564
437.8251	439.5204
438.7865	440.7402
438.7918	440.7354
439.0386	441.3679
439.1875	441.5770
439.7399	442.3143
440.8240	443.0715
441.2372	443.4102
441.3653	443.5242
441.4925	443.6738
442.6481	444.2867
442.9931	444.8099
444.2552	445.6657
444.8388	446.7144
444.9481	446.7481
446.5316	448.3817
447.8176	449.4496
448.2172	449.8680
448.8050	450.3275
451.6925	453.3725
452.2853	454.9050
452.4088	455.0892
452.8314	455.4850
454.1807	455.9292
454.3579	456.3028
454.8543	456.9634
456.6378	458.6229
456.7207	458.6971
457.6598	459.4124
458.5844	460.5727
458.7989	460.5804
459.3276	461.1710
459.5061	461.6373
459.6878	461.5840
460.4288	462.2776
461.3138	463.3493
461.3392	463.5471
463.0582	465.1361
463.1762	465.6311
463.2797	465.7765
463.3608	465.9429
464.3043	466.3783
465.1127	466.5498
465.7124	467.3340
466.9874	469.1543
467.0155	469.3355
467.4956	469.2218
469.2111	470.7757
469.9675	471.7640
471.6127	473.1685
471.6833	473.2483
473.0553	474.8479
473.1004	475.0418
473.1620	475.0385
474.0108	475.6732
476.8723	479.0066
476.9767	479.0020
477.4183	479.6313
477.7600	479.8790
478.8677	481.7295
481.0524	482.7981
481.1327	482.9639
482.2339	484.0048
482.7952	485.4922
482.8153	485.3835
483.0425	485.6723
484.3001	486.7869
484.4442	486.8048
486.2922	488.9054
486.8746	489.1418
486.8768	489.0828
488.0702	490.1263
488.1257	490.0495
488.3572	490.2220
489.0735	490.5869
490.3037	492.2432
492.1879	495.1374
492.2559	495.0804
493.3724	495.7196
494.1938	496.8628
494.6781	497.5240
495.5673	499.5645
495.6285	499.6392
495.7572	499.8297
495.9762	500.0988
495.9852	500.2160
496.2915	500.5186
497.0554	501.0413
497.4657	501.2766
497.7305	501.5316
497.8356	501.6110
498.5101	501.6744
499.1201	501.8497
500.5280	502.4826
500.6407	502.7597
500.8217	503.1215
501.8474	503.9930
501.9847	503.9521
503.2456	504.6934
503.5161	505.1660
506.2300	508.0983
506.4893	508.1935
506.9022	508.5129
507.2839	509.2225
507.4561	509.2444
508.8019	510.4244
509.5205	511.2255
509.6439	511.7595
509.7763	512.2999
509.7895	512.2100
510.1324	512.8648
510.2593	513.1622
510.4593	513.4559
510.6718	513.8225
510.9716	514.3180
511.0444	514.5728
511.3502	514.8795
511.8467	515.4213
512.0184	515.3635
512.3740	515.7654
512.8573	516.1749
512.9389	516.2642
513.2003	516.4469
514.3325	516.5570
514.7293	516.7905
515.8657	517.4488
516.3677	517.9654
516.7696	518.8154
517.2657	520.1622
517.5061	520.3894
517.8372	520.6326
518.2031	521.0618
518.4132	521.3330
519.0170	521.8929
519.0439	521.9113
519.1888	522.2930
520.1189	522.8002
520.3845	523.1456
521.4534	523.6622
521.7154	523.6662
522.5812	524.0255
523.3339	524.9773
523.5018	524.9605
524.7346	526.6018
524.7620	526.7625
524.9932	527.0620
526.7311	528.1420
527.6286	529.4433
527.7517	529.5188
528.7334	530.4715
529.1630	531.1980
529.2391	531.3309
530.0991	532.2907
530.1177	532.5216
530.2835	532.9364
530.7614	533.9113
530.7783	533.7898
530.8822	533.7808
531.4245	534.1139
532.3973	534.1745
533.5686	535.8958
533.5740	535.8393
533.9632	536.0006
536.5921	538.7552
536.7283	539.1718
537.1520	539.7871
538.3928	540.7207
538.4593	540.6637
539.9819	541.5688
540.1045	541.8290
541.3246	543.8019
541.7535	543.9026
542.3994	544.2206
542.6127	544.6103
542.8427	545.0182
544.3240	546.2955
544.5563	546.6029
545.1660	547.0458
545.2637	547.3117
547.6516	549.2758
548.1251	549.9912
548.7026	550.8522
549.7926	551.4760
550.1909	551.9912
550.2006	551.9211
551.5452	553.4923
551.9235	553.7737
552.2008	554.0452
553.1542	554.9537
553.3073	555.2577
553.3606	555.3780
554.9109	556.6483
556.3796	558.2731
557.7380	559.4040
557.8112	559.6146
559.0860	560.7391
560.1008	561.9281
560.1373	561.9648
560.2397	562.1863
561.3887	562.9976
562.3236	563.8327
562.9090	564.4873
563.2715	565.7718
563.7234	566.0288
563.7934	566.2699
564.2973	566.2751
564.8148	566.6536
564.8611	566.8760
565.2300	567.3815
565.2625	567.4196
565.9048	567.8984
565.9942	568.1010
566.2798	568.2347
568.4297	570.0162
569.4524	571.0050
570.6152	572.7452
570.8928	573.0128
571.5370	573.1546
571.7366	573.5156
574.6011	576.0445
575.0446	576.7226
575.3426	577.0826
576.4601	578.8679
576.6576	579.3607
577.2836	581.2548
577.5395	581.7493
577.5463	581.7580
578.4817	582.7715
578.5930	582.9446
578.9890	583.6973
579.1846	583.8947
580.1553	585.1705
580.1875	585.3748
580.2132	585.4224
580.4620	585.8736
580.7458	586.1580
581.6096	587.3092
583.1086	588.5722
583.4090	589.0832
584.0690	589.4975
584.2180	589.8157
585.3625	590.5264
586.1144	591.3314
586.3427	591.4009
587.3836	592.2561
587.7663	592.4319
588.4956	592.8374
588.8670	593.1181
588.8919	592.9525
589.4901	593.3027
592.9812	594.7116
593.4320	595.1558
593.6569	595.6868
594.4359	596.6977
594.7042	597.0807
595.5313	597.8421
595.6792	597.9128
596.8817	598.6142
597.1181	599.2759
600.7712	602.4819
605.7686	607.4248
606.3333	608.5360
607.5429	609.3363
608.1929	609.7859
608.3061	609.9909
608.8708	610.9160
608.9119	611.1382
609.0213	611.5881
609.4525	612.1376
610.3469	612.4005
611.8264	613.3811
612.3220	614.5279
614.1863	615.8571
614.3146	616.6587
614.4250	617.0264
614.6023	617.1334
617.2731	619.0462
617.4029	619.5849
617.5691	619.6893
617.8938	619.7702
618.9347	620.6273
619.7337	621.2832
620.7800	622.4803
621.0223	622.7626
621.3356	623.1294
623.2129	625.0187
623.3310	624.9798
624.5302	626.0361
625.5482	627.6237
626.4957	628.5512
626.5722	628.5916
627.3898	629.5120
627.4472	629.6596
627.5693	629.8301
627.9627	630.2003
628.5524	630.8830
628.7119	631.0418
628.7460	631.0105
629.3113	631.3599
630.8573	632.4388
632.1860	633.7556
633.5431	635.0821
633.9992	635.8139
634.8532	636.3209
635.0731	636.6651
635.1026	636.7076
636.1436	637.8747
636.7068	638.4271
637.1428	639.1141
637.2863	639.1222
637.7056	639.3721
638.1109	639.7136
639.2205	640.8410
639.2594	640.9975
639.6843	641.5735
639.7333	641.5197
640.3093	642.4895
640.6162	642.7442
640.8212	643.0625
642.2342	644.1040
642.3746	644.2342
642.9110	644.4981
643.0612	644.7251
645.5431	647.4091
646.2782	648.2748
647.7247	649.3810
647.9267	650.2600
648.6411	650.7308
649.8322	651.7642
651.0785	652.8517
653.0830	655.3143
653.8243	655.6073
654.8110	656.7416
654.9415	656.7885
658.2942	661.3235
658.6967	662.0920
658.7799	662.0985
659.0264	662.3769
659.6477	662.6337
660.5366	662.9636
660.7218	662.9751
662.2639	663.9670
663.0667	664.8577
664.4742	666.1409
664.8392	666.6339
664.9014	666.4577
665.7817	667.9403
666.8013	668.8569
667.0821	670.3287
667.1371	670.4937
667.4205	671.0659
667.7520	671.6543
667.8096	671.6498
668.6459	672.3832
668.9241	672.7093
670.1373	673.6438
670.3227	674.0837
670.5287	674.3077
670.6940	674.5368
670.8133	674.5741
671.0952	675.2072
671.5029	675.7408
671.5481	675.9731
672.4255	677.2159
672.5862	677.5718
672.6774	677.6545
673.2297	678.1097
673.4368	678.4119
673.8318	678.5764
673.9484	678.7792
674.1289	678.7148
674.3797	678.8393
675.2039	679.3066
675.3377	679.2733
676.0848	679.4262
676.1659	679.6331
677.4306	679.9603
678.2699	679.8370
678.6222	680.1523
679.0546	680.9034
679.0567	680.8245
679.6058	681.7119
679.9133	681.9126
680.6362	682.1958
680.8754	682.6007
681.8201	683.3265
682.1707	683.7037
682.7012	684.4826
684.1492	685.7553
684.6622	686.9588
684.8442	687.3977
684.9192	687.5992
685.7008	687.8314
686.0907	688.0352
687.0086	688.5681
688.1254	689.7966
688.2732	690.0030
688.8049	690.4677
689.5318	691.3515
690.3328	691.9305
690.4118	692.2201
690.8743	693.2482
691.2985	693.4904
691.7839	694.1578
692.0256	694.6870
692.0292	694.8398
692.5088	694.8538
693.7850	695.3774
694.5566	696.0706
695.2814	696.7717
695.5182	697.1424
696.3322	698.0698
697.9081	699.8400
700.3804	702.0209
701.0677	702.9845
701.1492	703.2626
702.2957	704.4260
702.3245	704.4028
702.4794	704.4054
703.6493	705.5606
704.2694	706.9484
704.9265	707.5197
705.9991	707.7686
706.5071	707.9766
707.5593	709.2178
708.3524	710.1888
708.9898	711.6834
709.2383	712.2368
710.8107	714.2880
710.9331	714.6404
711.3314	715.2092
711.3701	715.3471
711.5240	715.4227
711.5283	715.5066
713.5019	716.0172
715.1040	716.8502
715.8226	717.4030
716.2451	717.9400
716.2785	718.0350
716.6141	718.2656
717.1430	718.9416
717.4038	718.9519
719.3071	721.5706
719.3403	721.4934
719.6053	721.9137
720.1199	722.1236
720.1716	722.1762
720.7519	722.6803
721.5501	723.2006
722.5294	724.3748
723.4918	725.3398
724.1373	726.3735
724.2542	726.5900
724.7072	726.9148
725.0849	727.4969
725.1549	727.6553
725.3424	728.1628
725.6804	728.5042
725.9754	728.4834
726.0276	728.4680
727.4405	729.1163
728.2946	730.0457
728.6539	730.5431
729.6372	731.7585
731.8188	733.3065
732.8036	735.1487
732.8695	735.2797
733.1393	735.3740
733.9203	735.5723
734.2708	735.9381
735.4546	737.4220
736.4952	738.2023
736.5310	738.2504
739.5302	741.0367
740.0636	741.7766
740.2186	742.1861
742.2615	743.8075
743.2181	745.6865
743.3124	745.7009
743.3838	746.0026
743.3883	745.8803
743.7506	746.2853
744.5633	747.0683
745.0396	747.3703
745.2345	747.7931
745.4988	747.8276
745.9156	748.4520
746.5427	748.6806
747.0930	748.8086
749.0050	750.7967
751.4014	753.1961
751.4157	753.3376
752.1838	754.5905
752.2583	754.7585
752.2647	754.7534
753.4690	754.8690
754.8788	756.5101
755.6676	757.1840
756.3896	757.9320
757.4150	759.3475
757.8152	759.5727
758.1616	759.8917
758.6387	760.1883
758.9995	760.7386
760.5558	762.0660
760.6965	762.4793
761.3768	763.0954
761.7408	763.9370
761.7642	764.0270
763.2057	764.9696
763.8241	765.2476
764.5842	766.6350
765.4748	766.9105
766.2090	767.8054
767.1543	769.2097
767.1656	769.2812
767.4997	769.3255
768.3227	770.2553
768.4786	770.7531
768.4808	770.7269
769.6304	771.4850
770.5190	772.0382
770.9090	772.7753
771.0660	773.5529
771.1099	773.6337
771.4484	774.1169
771.8749	774.8597
772.7329	775.6088
773.4842	775.9683
775.2401	777.1460
776.2009	777.7964
776.7786	778.4533
777.5720	779.1970
777.9670	780.0563
779.2527	780.9170
779.4271	781.2057
780.1286	782.1828
781.1841	782.7717
781.4835	783.1914
781.5912	783.3519
782.0813	783.7015
782.7513	784.2307
783.2202	784.6744
784.2667	785.9454
786.4931	788.3258
788.7654	791.2465
789.2804	791.2781
790.5937	792.0665
792.1172	793.7515
792.5022	794.2488
792.7477	794.6711
793.7693	795.4070
794.3304	796.1876
794.3750	796.3386
795.2290	796.7616
795.3117	797.0770
795.5500	797.2211
795.7316	797.4901
795.9347	797.6963
796.4059	798.2507
796.5996	798.4686
796.8080	798.6327
799.0539	800.7253
799.3274	800.9523
799.7191	801.6550
800.4431	802.2691
801.3476	802.9744
801.8307	803.5356
802.2226	804.0972
802.3229	804.6503
802.3530	804.8605
803.6120	805.7113
805.0571	807.1432
806.8064	808.5241
807.0768	809.3285
807.8901	809.9083
807.9815	810.0261
807.9972	809.7930
808.9376	811.6463
808.9939	811.6322
810.2241	812.7080
810.4535	813.0716
810.9480	813.5172
811.9514	814.4116
812.1770	814.5244
812.6786	815.3814
813.1038	815.8987
813.4026	816.4244
815.0261	817.0106
816.2184	818.4419
816.8186	818.7898
816.9599	819.0838
817.0411	819.2052
818.0549	820.2154
818.0727	820.2577
818.6063	820.2945
819.8817	821.4612
820.8021	822.4902
820.9911	822.6092
821.1731	822.9182
821.3896	823.4477
821.8372	824.6834
822.2695	825.2920
822.8915	825.6157
823.1483	826.0397
824.0058	826.9790
824.0510	826.8917
824.3899	827.2537
824.4960	827.3938
825.3480	828.6658
825.3647	828.7287
825.4030	828.8658
826.1164	830.4895
826.1232	830.4809
826.3447	831.1255
826.6214	831.3787
826.6240	831.4994
826.8868	831.8843
827.3892	832.4552
827.7475	832.8488
828.9977	833.7297
829.2817	833.9465
829.4499	833.8322
829.8250	833.9355
830.2763	834.0825
830.5573	834.0101
832.9975	834.9905
833.4669	835.5672
833.5188	835.6064
834.3506	836.1331
835.0115	837.2286
835.4843	837.9436
836.2580	838.7770
836.9852	839.8246
836.9909	839.8364
837.3393	839.9654
841.2121	842.8082
842.8352	845.2510
843.2003	845.8855
843.5409	846.2719
843.5944	846.2333
844.6040	846.7718
844.7253	846.9141
845.2148	847.2126
846.2074	847.6707
846.6364	848.2884
847.4206	849.0446
847.8613	849.4546
849.1529	850.6174
849.5935	851.3569
850.0040	851.5397
851.9047	853.4267
852.4005	854.0212
853.0510	854.6291
853.1255	854.9634
853.4094	855.1370
854.3637	855.8639
855.7736	857.6192
857.7880	859.3230
857.9912	859.5964
858.6337	860.1834
858.7603	860.7138
858.8902	861.1596
858.9302	861.2420
859.1299	861.2659
859.5522	861.6247
860.1948	862.8151
860.3284	862.9865
860.4962	863.3967
861.3045	864.0438
861.8677	864.5239
862.3847	865.1891
864.2479	866.8573
864.3532	867.1852
864.8967	867.6433
865.1148	867.8487
865.7987	868.0913
865.8852	868.3321
866.9661	868.4260
867.2760	869.0565
867.8864	869.3110
868.1633	870.5613
868.6865	870.9573
869.1348	871.1132
869.1818	871.3090
870.4303	872.2522
870.5115	872.6183
870.5438	872.5746
870.7580	872.9162
871.2755	873.3141
873.2029	876.2810
873.4006	876.8161
874.3040	877.2001
874.7235	877.2324
878.0776	880.3305
879.2145	882.3870
879.2283	882.4255
879.5784	882.7176
879.9413	883.3502
880.8377	884.4149
880.8637	884.3072
881.0909	884.5392
881.3078	884.6916
881.6750	884.9179
882.6203	885.2384
883.1757	885.5013
883.2838	885.7400
883.4034	885.7340
883.8412	885.8496
884.6949	886.4391
885.0436	886.6847
887.8956	889.4901
888.1151	889.7045
888.9548	890.9036
889.3344	891.4034
889.4028	891.5629
889.9478	892.6671
890.0325	892.9031
890.9659	893.6651
890.9945	893.7333
891.4149	893.7348
891.5033	893.7615
892.6198	894.2136
893.8053	895.7373
893.9151	895.9828
894.2099	896.1283
895.9468	897.5623
896.3345	898.9065
896.5166	899.0614
896.8667	899.6867
896.8932	899.6650
897.8570	900.3925
897.9315	900.5670
898.1181	900.6657
898.6278	901.2558
898.7127	901.4383
899.2390	901.8213
900.2645	903.0531
902.8018	904.6235
904.1056	907.2397
904.5503	907.5358
905.4470	907.7693
906.5139	908.1235
906.5214	908.3818
907.0108	908.6017
909.4220	911.0884
911.1644	913.0620
911.8071	913.8689
911.9783	913.8727
912.6884	914.1390
913.0865	915.0549
913.0934	914.8732
914.5282	916.1415
916.6190	918.3118
917.1733	918.7524
918.2713	919.9558
919.1085	920.7778
919.6696	921.1282
920.0660	921.6696
920.9629	923.0605
922.1267	923.6725
923.6258	925.5764
923.7379	925.5284
923.8533	925.7580
924.1410	926.0983
924.9761	926.7504
925.5849	927.2777
925.7779	927.3879
927.1752	928.8797
927.8335	929.4783
928.1483	929.5612
928.7858	930.3135
929.6727	931.8330
930.3008	932.0504
930.7780	932.1970
931.8628	933.6818
931.9040	933.5811
932.4039	934.2417
932.4903	934.5543
932.6649	934.8213
933.5781	935.2219
935.8992	937.7220
936.9299	939.0926
937.1985	939.9958
937.3132	940.2470
937.8671	941.3496
937.9094	941.5598
938.1968	941.9548
938.2775	942.0657
938.6065	942.1655
939.6481	942.6689
940.1624	942.7973
942.2148	943.9811
943.9320	945.5629
944.1986	945.8496
944.7347	946.3294
945.3418	947.0701
946.0173	947.7732
946.7236	948.6765
947.1364	949.2064
948.8682	950.5388
948.9207	950.6389
949.7186	951.9203
951.0686	953.3006
951.4208	954.3378
952.1480	955.2622
952.4980	955.5327
953.2578	955.7833
953.6795	955.9313
954.7614	957.0946
955.1450	957.3365
956.3255	957.9482
956.9500	959.4435
957.1853	959.3679
957.8650	959.6386
960.0864	962.2799
960.2901	962.5233
960.5260	962.4360
961.7607	963.2365
962.1925	963.7542
964.7783	966.7054
964.8075	966.9407
965.0964	967.9507
965.2192	967.9903
965.5118	968.1784
965.7181	968.3353
967.8017	969.5922
967.8473	969.6296
968.2875	970.0241
968.8711	970.6919
969.4350	971.0333
970.3752	972.3309
970.6230	972.3839
971.1984	973.2835
971.2649	973.3207
971.9020	973.6336
972.7749	974.2656
975.2808	977.2542
975.4203	977.5233
975.9181	978.1549
976.1419	978.7050
976.2983	978.6389
976.6657	979.0446
977.6030	979.2775
978.5112	980.1195
978.8171	981.1139
978.9573	981.2909
979.9761	981.7937
980.1935	981.9726
980.7647	982.2749
981.0863	982.8503
981.2326	983.1175
981.6781	983.2566
982.2527	983.7191
982.5865	984.0845
982.9962	984.6183
983.9714	985.4889
984.5653	986.4391
984.7938	986.4300
985.9376	987.4540
986.7813	988.5413
986.9220	989.2640
986.9955	989.5158
987.0100	989.6149
987.4474	990.4525
987.5926	990.5093
987.9275	990.8682
988.4360	991.4845
988.9335	991.9022
989.5275	992.3081
989.8578	992.4775
991.3870	992.9931
991.9008	993.5032
992.2533	994.0130
993.2601	995.3776
993.4128	995.7260
993.4448	995.9097
994.1966	996.3848
994.3745	996.6767
995.0768	997.0961
995.7578	997.5538
995.9878	997.6541
996.1945	997.8852
996.5605	998.7324
996.8549	998.9487
997.7465	999.5549
997.7597	999.4324
