0.3253	2.1441
0.4684	2.3161
1.0568	2.9667
1.1072	3.1273
1.3978	3.2592
1.6266	3.5216
2.2647	3.7935
2.9925	5.2096
3.4149	5.1984
4.1607	5.9986
4.2994	6.1371
4.5781	6.3964
6.1852	7.8345
6.5083	8.2216
7.1497	8.8356
7.3055	9.0458
8.3872	10.3099
9.1181	10.6291
10.4773	12.4956
10.4811	12.5472
10.7862	12.8271
12.0139	13.6403
12.6474	14.0659
12.8446	14.6674
14.0754	15.8105
15.2558	17.3258
16.2467	18.0773
16.6016	18.6254
16.6380	18.6134
17.6509	19.6568
17.8520	19.6415
18.9801	20.9381
20.2632	22.2007
20.2707	22.1594
21.0589	23.2494
22.1718	24.6650
22.4931	24.8330
22.9363	25.0869
24.5303	26.0441
25.9203	28.0678
26.0597	28.4586
26.2869	28.4689
27.2738	28.9629
27.8679	29.4253
28.0893	30.1190
28.1048	30.1836
28.1521	30.3550
28.3693	30.5370
29.2088	31.1028
29.4490	31.1221
30.3165	31.9449
30.9336	32.5425
31.0253	32.8667
31.2635	33.1698
31.3883	33.3802
34.5169	36.1645
36.2307	37.8131
36.6351	38.3099
36.8005	38.6066
37.3270	39.4269
37.6808	40.0114
37.7896	40.7891
38.0335	41.1626
38.0463	41.0031
40.6911	42.4976
40.7267	42.3892
41.2772	42.9783
42.2469	44.3569
42.7176	45.1661
42.9780	45.3223
43.0670	45.3968
44.0553	46.2284
44.6054	46.3391
46.2369	48.0575
46.7925	48.6551
47.3697	49.6627
48.9845	50.4734
49.8757	51.6976
50.1309	52.4060
50.3162	52.5908
52.7728	54.5911
53.0069	54.8810
53.4712	55.3409
53.6664	55.8427
55.1754	56.9268
56.1945	58.3120
56.3111	58.7773
57.3870	59.9094
57.4458	60.2835
58.0903	60.5779
58.3797	60.8011
60.7562	63.0110
60.7701	63.0981
61.4693	63.6247
61.7189	63.7041
62.4169	64.8186
62.4828	64.8262
62.9463	65.4887
63.1836	65.8087
65.9458	67.5783
66.1704	67.8737
66.8363	68.4509
67.1369	68.8328
68.4845	71.1804
68.4893	70.9972
68.6112	71.1489
69.8188	71.9345
70.0725	72.3580
71.5388	73.0493
72.2895	73.8477
72.5883	74.5578
72.6585	74.3876
74.7412	76.6023
74.8557	76.6887
75.1193	76.7656
75.9665	77.7978
77.7439	79.1989
78.0107	79.6388
78.4423	80.1914
78.5206	80.4442
79.7414	81.4241
80.2483	81.7993
80.3522	82.1075
80.4766	82.2386
81.4803	83.0517
82.3466	84.1189
82.9637	84.7184
83.0731	85.0876
83.5980	85.7785
84.5180	86.4282
85.6320	87.2024
86.4522	88.1404
87.0355	88.4774
87.8724	89.3090
89.2573	90.7957
90.0199	91.5046
90.8654	92.8621
90.9428	92.8111
91.3583	93.8118
91.5029	94.0753
91.5084	94.0281
92.6630	94.9790
92.7338	94.9032
93.2824	95.6088
93.5967	95.7758
93.6453	95.7870
96.0816	98.7641
96.0850	98.6697
96.0918	98.5963
96.2571	99.2880
96.4409	99.6069
96.8167	99.9974
97.2948	100.3911
98.0762	100.3152
98.7575	100.4836
99.6001	101.1543
99.7226	101.3978
99.8957	101.6299
101.7270	103.7739
102.0390	103.9358
102.4124	104.1608
103.0592	104.5696
103.4070	104.9777
103.7364	105.4022
104.3459	105.8394
105.4494	107.0689
105.8645	107.4277
107.0992	108.5849
107.4890	109.3133
107.7790	109.7038
107.9231	109.5578
108.2624	109.7449
108.5696	110.3697
109.6656	111.1339
110.6180	112.6290
111.9076	113.3954
112.8481	114.3992
113.2741	114.9826
114.8622	116.3921
116.6546	118.4263
118.2571	119.8416
119.6172	121.7620
119.6845	121.8009
120.5512	122.7169
120.6099	122.6995
120.9818	123.5618
121.2494	124.1141
121.4453	124.4730
122.0859	124.8357
123.9679	125.6457
124.3969	126.4490
124.7840	126.8051
124.7905	126.9894
125.5499	127.3276
126.0961	128.1095
126.9206	129.1779
127.5632	130.0742
127.7446	130.4665
128.3808	130.8048
131.4056	133.3999
131.8946	133.4642
133.5070	135.6773
133.7071	136.1814
133.9696	136.5068
135.2705	137.7216
135.3443	137.9078
135.4388	137.8550
138.1388	139.7781
138.1937	139.8329
139.8086	141.2669
140.1166	141.6004
140.3075	141.7390
140.8209	142.2889
142.6222	144.2375
143.2506	145.0939
144.2101	145.9964
144.7242	146.6413
144.9563	147.3896
145.3081	148.2354
145.3108	148.1211
145.5031	148.1724
145.7190	148.4116
146.6531	148.6340
146.7966	148.7497
147.9502	149.5506
148.1740	150.1349
148.4673	150.1418
149.0370	150.7963
149.7695	152.4569
149.8864	152.8441
150.1441	153.1682
150.4621	153.5986
151.0151	153.8844
151.7130	154.4037
151.8802	154.6259
152.2828	154.9568
154.0500	155.6873
154.0834	155.7984
155.3584	157.2413
155.4234	157.3258
156.3164	158.0677
157.1564	159.1578
157.1662	158.9509
157.3485	159.1919
157.8768	159.4440
158.1219	160.2257
158.1780	160.3583
158.2482	160.2872
159.3181	160.9033
159.6111	161.0414
159.8706	161.6328
160.0041	162.0600
160.4135	162.4112
161.1013	162.6222
162.3303	163.7779
162.7250	164.4929
163.7768	165.2161
164.3135	166.2348
164.5255	166.6702
164.7863	167.0953
165.3439	168.5470
165.9584	169.5763
166.8893	170.3376
167.3464	170.6245
167.8221	170.8052
168.3063	170.9153
168.6746	171.2799
168.8757	171.2745
174.2974	175.9687
174.6487	176.5439
174.8987	177.2553
175.0544	177.8449
175.7046	179.2751
176.4991	179.5609
176.8577	179.7656
177.0892	179.8575
178.3463	179.8501
179.1503	181.1983
179.2206	181.5279
179.2418	181.6291
179.6498	181.8456
180.5070	182.5334
180.6604	182.5971
180.6746	182.7102
181.8289	183.4094
182.5631	184.1769
183.1151	185.1827
183.2982	185.3579
184.2206	186.0484
184.2381	186.0139
184.7712	186.3466
185.1771	187.2475
186.9435	188.8345
187.9134	189.3882
188.0943	189.8479
192.8800	194.3880
193.7962	195.4190
193.9871	195.5390
194.8015	196.3767
195.2528	197.2414
196.1363	197.9816
197.3380	199.4251
197.8457	199.9659
197.9130	200.1375
199.6820	201.3329
200.4155	202.4760
201.3273	203.5472
201.5456	203.6489
201.7212	203.7935
202.4148	204.0402
203.1020	204.7144
204.5498	207.2302
204.9200	207.6602
205.1860	208.1176
205.9124	208.6211
206.8671	209.1426
207.6532	209.6471
208.1070	210.4408
208.2878	210.5025
209.0981	210.8427
209.8825	211.8469
210.8984	212.3422
211.0661	212.7378
211.9558	213.6046
214.3876	216.0585
214.7476	216.9558
216.3190	218.1360
217.1471	218.8389
217.1688	218.9732
217.4541	219.3133
217.7462	219.3578
218.7309	220.4534
219.1613	220.7559
219.9807	221.4595
220.2812	222.1037
221.1667	223.1370
221.3950	223.4716
222.4525	224.2905
222.6196	224.6611
223.5318	225.3545
224.9927	226.8051
225.5446	227.2879
226.4054	228.3124
226.4138	228.2634
227.4149	229.5920
227.8106	230.1842
230.0556	231.6398
232.2156	234.2290
232.2182	234.0787
232.6444	234.6486
233.3918	234.7924
233.8149	235.7601
233.8960	236.1886
234.2692	236.5516
234.6206	236.7856
235.2244	237.3178
235.5190	237.5141
236.5206	238.6511
236.6514	239.1648
236.9942	239.3823
237.9754	239.9601
238.7047	240.6137
240.3614	242.0477
240.6515	243.1372
240.7747	243.4500
240.8057	243.5959
241.5839	244.5704
241.9227	244.8940
242.4695	245.5840
242.8809	245.7219
243.5964	246.0207
243.8084	246.1566
245.0909	246.8915
245.3863	247.2118
245.5174	247.1514
245.9684	247.7390
247.1756	249.1910
247.6950	249.5608
248.1714	249.8393
248.4058	250.0724
248.5761	250.1677
249.4943	251.2762
250.0559	251.7263
250.4354	251.9475
250.8733	252.8809
251.0009	253.1633
251.1482	253.2862
252.6725	254.4676
252.6968	254.4013
254.7562	256.8556
254.7916	256.8063
254.7985	256.8204
256.4315	258.0135
256.8411	258.2763
257.8093	259.4737
258.1981	259.8926
258.5177	260.2142
258.5881	260.3827
259.7226	261.5514
259.7947	261.7756
260.0013	261.8874
260.5590	261.9945
261.5441	263.3367
261.9274	263.5606
262.2839	263.9749
263.4993	265.0551
263.9304	265.9078
263.9675	265.9296
265.4274	267.1227
265.9167	267.4077
267.0336	268.7141
267.1682	268.9607
268.0507	269.6730
268.8926	270.4860
269.1689	271.2062
269.3631	271.5646
270.9898	272.5709
271.1762	272.8702
271.9974	273.8239
272.8633	274.3921
273.5411	275.2690
274.5435	276.1064
275.3523	277.2227
275.8641	277.5785
276.4795	278.1679
276.9611	278.7132
277.7428	279.9708
277.7945	280.0596
278.1697	280.5652
280.8534	282.3328
282.1674	283.8254
282.4956	284.0942
283.1044	284.6499
284.9669	286.9355
285.0819	287.0987
286.0492	287.7092
286.7369	288.5301
286.8275	289.0512
286.8725	289.0723
287.0570	289.5138
287.6084	289.8653
288.2195	290.4564
289.2217	290.7824
289.8181	291.4617
291.3274	293.4262
291.3304	293.4849
291.3949	293.3754
294.8591	296.2838
295.5292	297.4043
295.6636	297.5718
295.7838	297.7860
296.9520	299.2212
297.2925	299.8385
297.4387	300.0678
297.6286	300.5891
297.7775	300.9126
298.2079	301.4913
298.4977	301.9121
298.9026	302.1497
299.0947	302.5407
299.1418	302.6005
300.0907	303.4619
300.8313	303.9516
301.9684	304.4397
302.4386	304.5140
303.2804	304.9181
303.7331	305.2225
304.5696	307.8119
304.9706	308.3655
305.2108	308.7260
305.7166	308.8407
305.8896	308.8822
307.4616	309.4143
307.8968	309.4096
309.4611	311.1820
311.9976	313.7093
313.6972	315.7046
313.8555	316.2139
313.9459	316.3416
315.4890	316.9737
316.8501	318.5803
317.5299	319.3152
317.6164	319.3788
318.5490	320.0758
321.0218	322.6774
322.1417	324.0146
322.2021	324.1089
322.3728	324.3009
323.6045	325.3878
324.7591	327.0395
324.8970	327.1242
325.0158	327.1049
325.6677	327.8987
325.7568	328.0502
326.3093	328.3123
327.0732	328.6634
328.8263	330.2537
329.4439	331.2434
331.2827	333.1014
332.2825	335.8348
332.5231	336.1303
332.5972	336.1039
332.6609	336.3454
334.3547	336.9395
335.5308	337.9415
336.7051	339.4989
336.7347	339.4162
336.7865	339.5149
337.2501	339.9167
338.8775	340.3595
339.5227	341.1469
340.4268	342.4708
340.5551	342.5180
341.6900	343.2667
341.9383	343.6440
343.0475	344.8899
344.1866	346.6742
344.2118	346.5582
345.7279	347.5201
346.6018	348.2439
346.9833	348.5456
347.7922	349.5189
348.4648	350.1364
350.1885	351.8097
352.0079	353.5690
353.7937	355.3137
354.2661	356.2682
355.4085	357.1013
356.5933	358.8626
356.9933	359.4343
358.4632	359.8875
359.1193	361.0655
360.2100	361.8690
361.4633	363.3098
362.4785	364.0413
364.9031	366.7012
365.5087	368.7666
365.6153	368.8719
365.8032	369.1148
366.6963	369.2212
367.9754	369.8091
368.1795	370.0654
368.9688	371.0552
368.9959	370.9512
369.0497	371.0144
370.0157	372.0169
370.1076	372.4131
370.1650	372.3191
370.5146	372.4632
371.5460	373.0824
371.9741	373.7532
372.0498	373.7631
372.4327	374.2151
373.2197	375.1881
374.4855	376.4743
375.0023	377.6917
375.1531	378.2315
375.1758	378.3774
376.1577	379.4559
376.4421	379.5148
376.7025	379.8341
378.0001	381.1226
378.2557	381.5104
378.4046	381.6794
379.2487	382.3957
379.9742	382.8004
379.9798	382.7390
380.7377	382.9925
382.0307	383.8560
382.3384	384.0001
382.6746	384.3515
383.5871	385.4622
383.5883	385.3824
384.1045	385.9386
384.2783	386.3343
384.4559	386.3583
385.1810	386.8429
386.1404	388.3667
386.3134	389.2159
386.4454	389.4114
386.5502	389.5828
386.7511	389.9621
386.7622	390.0873
387.0730	390.2343
388.7832	391.1051
389.1711	391.3663
391.0634	392.7690
391.2985	393.0773
391.8264	394.0041
392.1056	394.0828
394.3141	395.8897
394.4480	396.2088
394.5607	396.6193
394.6915	396.6469
394.8916	396.6514
396.7592	399.0709
399.6446	401.3070
401.2799	402.9772
401.3961	403.0360
401.7794	403.3847
401.9366	403.4525
402.3704	404.0616
402.4325	404.0530
402.9664	404.5899
404.0927	406.1405
404.3420	406.3685
404.5543	406.4220
405.9916	407.9315
407.8828	410.6706
407.9514	411.6380
408.0212	411.9269
408.3414	412.7315
408.8925	413.3830
410.5375	414.1271
410.7301	414.1607
410.8373	414.2375
411.3014	414.4768
412.6270	415.4205
413.0436	415.7488
413.0589	415.7928
414.8928	416.5494
415.0303	416.7414
415.7790	417.5028
416.7222	418.5087
417.2572	419.5678
418.3668	420.1005
418.8704	420.3605
419.1844	421.2257
419.5061	421.6995
419.5830	421.8212
419.6251	422.0139
419.7623	421.8926
421.0419	422.6623
422.1862	423.9820
422.7694	424.4314
422.8506	424.6338
423.8141	425.9993
423.8984	425.9973
424.1801	426.3966
424.8107	426.6756
425.8936	428.0237
426.2256	428.1111
427.2189	429.3853
427.4174	429.7486
429.8211	431.5967
430.4197	432.1670
430.5398	432.2523
433.9137	435.5339
434.1092	435.7458
435.1621	437.0496
436.0336	437.4599
437.0692	439.0496
437.2987	439.2070
437.7188	439.4292
438.6305	440.4726
438.8426	440.4966
439.0701	440.8861
440.9211	442.5384
441.0765	442.5509
442.4846	443.9963
443.1887	444.7900
443.8201	445.3823
444.1005	445.6773
444.3813	445.9988
444.7946	446.5027
445.5293	447.2520
445.5899	447.2187
446.1388	447.8901
448.2955	450.1421
448.3034	450.0700
450.0742	451.7327
450.3237	451.9037
450.5594	452.2139
451.3847	453.5552
451.6967	454.3672
451.9137	454.4783
453.7622	455.6591
453.7914	455.9731
454.1886	456.6174
454.6370	457.1490
455.9028	457.8261
456.1434	458.3000
457.1290	459.2528
457.8195	459.5153
458.3804	460.2677
459.0771	460.5584
459.9153	461.8086
460.4707	461.8774
460.9274	462.6307
461.5259	463.1501
464.1493	466.2978
464.3304	466.6061
464.5785	466.9877
464.6440	466.8604
465.5259	468.2070
465.6050	468.3920
466.0674	468.6219
466.4329	468.9832
467.4505	469.6005
469.7025	471.8662
469.7904	471.9509
469.9123	472.0729
470.9912	472.4929
471.3423	472.9892
471.5366	473.3636
471.7970	473.8557
471.9797	474.2399
472.3610	474.5484
473.1309	474.6148
473.3846	474.9516
474.6472	476.2052
475.1174	476.6234
475.5105	477.4642
475.9793	478.5103
476.0437	478.7273
476.1415	478.6364
476.2373	478.6723
477.4850	479.0103
478.5617	480.3409
479.2957	481.1236
479.6102	481.8793
479.9695	482.0839
481.2655	482.8636
481.8580	483.3904
482.9661	485.3194
483.2549	485.3470
483.4043	485.3700
484.0183	485.9143
485.1304	486.8537
487.1194	488.6545
487.4479	489.3884
487.9897	489.6056
488.7851	490.7831
489.0438	491.2706
489.1626	491.3962
490.2803	491.8417
491.1639	492.8813
491.7425	493.8576
492.0355	494.1233
492.2572	494.2815
493.1703	495.2388
493.2875	495.2630
494.4240	496.3853
495.0730	496.8264
495.5404	497.2872
495.5513	497.4016
496.5300	497.9960
498.2243	499.9508
500.8608	502.4888
500.9452	502.8736
501.2146	503.6527
501.2479	503.9256
501.3146	503.9879
501.8321	505.0913
502.2795	505.8072
502.7776	506.2025
502.9879	506.3964
503.4124	506.5585
504.8362	506.8119
505.1899	507.1027
505.7867	508.2574
505.7997	508.1321
506.4251	509.0474
506.4811	508.9225
506.5186	508.9352
506.9233	509.5122
507.7103	509.9012
509.7766	511.5013
509.8103	511.6743
511.7698	513.4103
512.7667	514.4637
513.5019	515.0598
515.7156	517.4194
517.3627	518.8086
517.5958	519.2481
518.0826	519.9583
518.1026	519.9976
519.2762	520.9298
519.4893	521.1816
520.2806	522.0797
521.1777	524.0799
521.5346	524.6157
521.5414	524.5744
522.0857	525.3235
522.3850	525.6228
523.3919	526.5245
523.5091	526.5141
523.8155	526.7827
523.8424	526.7547
525.3628	527.7361
525.4895	527.8207
525.5470	527.7347
525.5594	527.8750
525.9247	528.0833
526.6429	528.8008
527.4047	529.1551
528.0249	529.5343
528.9971	530.5084
529.2486	531.4052
529.4599	531.6976
529.6837	532.0457
530.1083	532.1303
532.2011	534.4683
532.4461	534.3991
534.3213	536.0102
534.6174	536.9168
534.7416	537.1703
535.0508	537.2712
535.7102	537.5034
540.4989	542.2702
540.5531	542.3226
541.0871	544.2201
541.7614	545.4326
541.8224	545.6600
542.2312	546.0171
542.2978	546.1238
542.3077	546.1754
542.6935	546.2761
543.3701	546.8013
543.5221	546.8887
543.6730	547.1642
543.7224	547.2251
546.3361	548.8014
546.6235	548.8928
547.2056	548.9810
548.2637	550.1961
549.3955	550.9077
550.4306	552.0689
550.6324	552.1763
551.1464	553.6097
551.2658	553.6778
551.9747	555.2968
552.0168	555.4033
553.8091	555.9367
554.6752	556.5251
555.1914	556.9021
555.6906	557.3937
556.1947	557.8519
557.5160	559.2670
558.1043	560.7362
558.1176	560.6488
558.4223	561.0062
558.4275	561.1770
558.6050	561.2193
560.8222	562.9174
561.9159	563.5143
562.2630	564.0500
562.2752	564.1623
562.6800	564.8979
562.6810	564.7968
562.8794	565.0331
563.8251	565.4692
563.9509	566.1542
564.0531	566.3449
565.0905	566.8954
565.3746	567.3489
566.0070	567.6530
566.8051	568.8202
568.1798	569.7395
568.7474	570.2622
568.9093	570.3601
570.7193	573.3788
570.8519	573.8199
571.0667	574.1494
571.0959	574.4161
571.1161	574.4449
572.0036	575.0919
572.1874	575.0620
572.6363	575.1846
574.6952	576.6450
574.7777	577.0622
575.0124	577.6948
575.3151	577.9808
575.3285	578.1729
575.3630	578.0178
577.2106	578.8719
577.4340	579.0074
578.6056	580.1927
578.8080	580.2440
579.5336	581.2977
580.5599	582.2527
580.8692	582.6101
582.4224	583.9154
582.7963	584.4403
583.7563	585.6361
583.7576	585.5228
584.8113	586.4522
585.1488	587.0666
585.4210	587.4315
585.6423	587.4869
585.8992	588.0268
586.0724	588.3264
586.1347	588.3875
586.2133	588.4179
586.3695	588.7202
586.9929	589.0993
587.3057	589.3388
588.9380	590.6229
589.0958	592.2803
589.1894	592.6926
589.2495	592.8635
589.7360	593.8408
589.7994	593.8955
590.6377	594.9333
591.1085	595.4071
591.8867	596.2381
592.1155	596.2105
592.7737	596.9085
594.6719	598.8689
594.6744	598.7956
594.8705	599.0148
595.7248	599.9015
596.0306	600.3251
596.3224	600.6035
596.6318	601.0406
596.7039	601.1635
596.8137	601.3908
597.2059	601.6289
597.4351	602.0411
598.8129	603.5434
599.5047	604.2242
599.5389	604.0882
600.0515	604.5429
600.9878	605.1401
601.1881	605.1256
601.6746	605.6099
601.8408	605.7257
602.1219	605.7994
602.5960	606.0682
603.9373	606.6290
605.1839	606.9204
606.0091	607.5574
606.7201	608.3527
607.5331	609.5450
607.6640	609.7447
608.2304	609.9843
608.8609	610.6273
609.0622	610.5489
609.4209	610.9671
609.9727	612.3815
610.2291	612.8600
610.3878	613.0442
611.2605	614.5798
612.0232	615.7091
612.1434	616.2192
612.1978	616.3263
612.3110	616.5448
612.7191	617.3251
612.7825	617.3994
612.8792	617.4407
613.5609	618.3685
613.8353	618.6638
614.8287	619.7524
615.4229	620.1437
616.4055	620.7790
616.5135	620.9645
616.7256	621.0667
617.4164	621.5494
617.6013	621.5956
617.6056	621.5948
617.7687	621.8036
618.2135	622.0169
618.6194	622.0878
619.8063	622.8093
620.7150	623.2321
623.3214	625.0208
624.3177	626.0395
624.5382	626.2346
625.0097	626.6695
625.3224	626.8473
626.2474	627.8481
627.2257	629.5637
627.5014	630.0157
627.5247	630.1426
628.4855	630.5300
628.8500	630.8849
630.1093	631.9728
630.3027	632.2784
630.3773	632.1420
630.9572	632.4699
631.8184	633.4360
632.3323	633.9780
633.3402	635.9577
633.4237	635.9154
633.5081	636.0521
633.8317	636.0896
635.2867	637.5888
635.6520	638.2170
636.0570	638.6650
636.4569	639.0478
636.6397	638.9617
637.3785	639.2302
638.4693	640.4535
639.4260	641.2593
639.6614	641.3673
640.5891	642.3449
640.8346	642.6446
641.5309	643.2943
641.6427	643.3709
641.8548	643.8349
642.1678	644.2764
642.7026	644.2589
643.3399	644.9632
643.5537	645.4031
643.6282	645.6484
644.4351	646.1114
644.8416	646.4190
645.6633	647.7076
645.8461	647.7005
646.3254	648.1391
647.3288	649.5486
648.2469	650.1506
649.3068	650.9082
650.6238	652.7452
651.2507	653.6863
651.3084	653.7901
652.8929	654.9373
652.9471	655.0769
652.9616	655.0794
654.6814	656.1700
655.5315	657.1965
655.7275	657.4695
655.8741	657.3843
657.2690	658.7864
657.8244	659.6883
657.8250	659.6754
658.4802	660.3569
659.2316	660.9740
660.1338	661.6112
660.5246	662.0380
661.3874	663.3343
663.1213	664.6911
663.5175	665.7796
663.5349	665.7858
663.7677	666.3056
664.3673	666.4453
664.7260	666.6266
665.4134	667.0220
665.8861	667.4581
668.8110	670.3454
670.2981	672.6082
671.3249	673.9449
671.3953	673.8826
672.4593	675.1665
672.8427	675.4205
672.8687	675.6288
674.3962	677.1642
674.5708	677.5826
674.5888	677.5972
675.2976	678.7270
675.3528	678.6045
675.3747	678.5939
675.3766	678.6087
676.7879	680.0025
677.5326	680.7881
678.3743	681.7011
678.6479	682.0374
678.8739	682.1073
679.3768	682.7019
680.0876	683.3047
680.4431	683.5599
680.8149	683.7144
681.7210	684.3814
682.0128	684.5892
683.1248	685.0612
685.0374	686.7316
685.2470	686.7986
686.7435	688.1920
686.9928	688.5734
688.9101	691.1616
689.1252	691.6848
689.4064	691.8356
689.4861	691.9970
690.6177	692.6292
690.6551	692.9438
690.9121	693.5888
691.0674	693.6597
691.3019	693.8890
692.6470	694.5803
693.1770	695.4670
693.4775	695.5802
694.7248	697.2313
694.9001	697.4176
697.9919	699.7451
698.2797	700.0529
699.2176	700.9591
699.9216	701.9782
700.1613	702.2391
700.5564	702.5628
700.7863	702.6019
701.0895	702.9097
701.4898	703.1525
701.6202	703.3929
701.9803	704.2264
702.0900	704.5652
703.4159	706.2751
703.6190	706.6911
703.8885	706.9065
704.4893	707.6233
704.5313	707.6840
705.9259	709.0355
705.9804	708.9849
707.5453	709.4846
709.2903	710.9200
710.8320	712.6411
711.4161	713.0686
711.7896	713.3089
712.0486	713.7509
712.5686	714.7225
712.6983	715.5292
712.8291	715.6038
712.9739	715.7393
713.7450	715.8897
714.0501	716.2093
714.5938	716.4453
715.5487	717.8093
715.5520	717.7165
716.6400	718.2048
717.8797	719.3630
718.4752	720.4418
718.5552	720.8436
718.9725	721.4382
719.1380	721.4068
719.6308	722.4465
720.0872	722.9863
720.5733	723.4482
721.3898	723.9055
721.9260	724.3755
723.7434	725.3644
724.0678	726.2890
724.1539	726.4676
727.5547	729.6616
728.8179	730.3014
729.6308	731.5506
729.9432	732.0268
730.7098	732.3630
731.0824	732.7838
732.5341	734.8754
732.6046	735.4715
732.6287	735.5543
732.6565	735.7802
732.7237	735.8202
732.9852	735.8807
733.9768	736.2118
734.2520	736.4918
734.7130	736.6661
735.5599	737.5413
735.6691	737.9566
735.8712	738.1206
737.0234	738.6973
737.0983	739.0054
739.4158	740.8936
740.4475	741.9499
740.8160	742.4280
741.0316	742.7426
742.6710	744.9281
743.1074	745.1631
743.7851	745.5507
743.9693	745.7866
744.3556	746.4538
744.9793	747.9077
746.0355	748.5730
746.9212	749.7142
747.4336	750.2333
747.4341	750.2292
748.4786	750.8367
749.7717	751.4386
750.3227	752.0637
750.6379	752.4285
751.4293	753.8477
751.4476	754.0117
751.4517	753.8205
751.6150	754.0042
751.9137	754.2394
753.5178	755.2157
754.0193	755.9824
754.8513	756.3605
755.4515	757.1013
757.7303	759.4128
758.2252	759.8882
759.0728	760.4742
759.6950	761.4151
761.4797	763.0826
761.7922	763.4915
763.1133	764.5423
763.5436	765.5560
764.9871	766.7042
766.0770	767.8684
766.4899	768.1252
766.9244	768.6302
767.4217	769.2089
767.8690	769.9397
769.2848	770.9580
769.7966	771.4037
770.0272	771.7224
770.2316	771.9970
771.1611	773.0332
771.2259	773.0703
772.7930	774.5002
774.6854	776.4744
775.2045	777.9909
775.4363	778.4262
776.9595	779.6265
777.0103	779.8805
777.7335	780.5283
778.0569	780.8301
778.6064	781.2219
778.9221	781.3443
779.0723	781.5080
779.2317	781.6782
780.0131	781.7129
781.1923	782.8384
781.2891	783.0426
782.2592	783.8069
784.1105	786.0194
784.9149	786.5099
786.2981	787.9441
786.6023	788.0321
786.8390	788.6228
787.1375	788.9549
788.5041	790.2162
789.1851	790.8361
789.5437	791.9506
790.5646	792.5063
790.8504	792.8240
790.9968	793.1472
792.2553	794.2893
792.6107	794.9280
794.0444	795.7367
796.2162	797.7656
797.5441	799.0768
797.8536	800.1078
797.8859	800.2909
798.0336	800.3953
799.2151	801.0333
799.5934	801.8909
800.6459	802.0626
801.0130	802.7885
801.1271	803.4424
801.5069	803.7653
803.6397	806.3800
803.6429	806.3078
803.7279	806.4965
805.6138	807.3174
805.8786	807.9103
805.9199	807.9260
806.1895	808.2036
806.3149	808.2159
807.9894	809.7171
808.5740	810.5107
808.7976	811.3181
808.9078	811.2301
809.4693	811.9284
810.7923	812.2199
811.1510	812.6018
811.3778	812.9330
812.3771	813.9274
812.9915	814.9163
813.3887	815.4970
814.3336	815.9365
814.8359	816.6403
815.3546	817.6823
815.5153	817.7736
815.7273	817.8158
816.6703	818.3281
816.8643	818.5193
816.9737	819.1717
817.0429	819.3403
818.5357	820.1484
818.8588	820.7650
821.7889	823.3728
822.3906	824.1866
822.4280	824.3141
823.5200	825.3290
823.6660	825.6331
824.1558	825.9354
824.9624	826.4928
826.1961	827.9449
827.9826	829.5031
828.1052	829.6694
828.5630	830.1754
829.7448	831.2841
831.5653	833.2199
831.8969	833.4319
832.3484	834.4432
832.6177	834.4901
832.7179	834.5357
834.7942	836.4077
835.5760	837.2111
836.3565	838.3694
836.4059	838.4059
837.0104	838.9413
837.4742	839.3550
837.5868	839.5437
840.0590	842.1314
840.3162	842.5121
841.2102	842.7731
841.7818	843.5583
841.9179	843.8261
842.5402	844.2294
843.1780	845.6475
843.2698	845.9699
843.3063	846.0525
843.3238	846.0370
843.5023	846.3890
843.8694	846.7751
844.7192	847.5582
844.9123	847.9287
844.9252	848.0116
844.9827	847.9855
845.9365	848.7406
846.9769	849.3156
847.4612	849.6306
847.7996	849.7006
848.4858	850.5664
848.8316	851.0325
851.3067	852.8532
851.7200	853.5313
851.9786	854.6531
852.0313	854.6937
852.4251	855.1065
853.0515	855.5600
853.7472	856.0676
853.7953	856.0978
854.8049	856.2906
855.6630	857.3895
855.7926	857.9405
856.2128	858.2777
856.7601	858.9920
857.2692	860.0611
857.4849	860.5427
858.0472	861.3826
858.1548	861.4390
858.1654	861.6089
858.7693	862.1896
858.8216	862.1857
859.4075	862.5832
859.8657	862.9352
860.3839	862.9864
861.0577	863.1332
863.2032	865.4155
863.3109	865.5830
864.6831	866.4565
865.3596	867.3734
865.3658	867.5264
867.2899	870.2656
867.3183	870.1124
868.7981	870.3072
869.0867	871.0774
869.1130	871.2773
869.2084	871.4848
869.2283	871.5185
869.4224	871.5454
870.9257	872.7423
870.9610	872.7657
871.4047	873.1770
872.5214	874.5149
872.6588	874.7726
873.3336	875.1490
873.9735	876.0283
876.5595	878.4559
877.2469	879.4272
877.3985	879.7723
879.6420	881.2839
880.8400	882.4639
881.0582	883.0526
881.3663	883.9902
881.5685	883.8576
881.5903	883.9312
884.4146	885.9986
884.6522	886.2448
885.9653	887.8723
886.0173	887.7923
887.2963	889.2485
888.1124	889.7062
888.5250	890.2198
888.6534	890.3873
889.2658	890.9636
889.4338	891.0123
890.2488	891.8106
892.2847	894.4979
893.8488	896.4402
894.4335	896.8162
894.5321	896.9201
895.4770	897.2882
895.7616	897.7987
896.2434	898.6981
896.4053	898.7285
897.0998	898.9621
897.7649	899.4867
899.3798	901.8382
899.3842	901.8210
899.4540	902.3199
899.6699	902.8856
900.1114	903.3660
900.9229	904.5493
901.3551	904.9451
901.9732	905.5671
902.1341	905.8670
902.1813	905.8900
902.5100	906.0810
903.3514	906.6669
903.4404	906.9002
904.0262	907.2974
905.0173	908.0077
905.2221	908.3361
905.7598	908.5571
908.1776	909.7941
909.2372	911.1400
909.7694	911.7252
909.9800	912.0404
910.1478	912.0932
910.9717	912.6130
912.5723	914.1215
912.7794	914.5147
913.6014	915.3834
914.0656	915.5609
914.3224	915.9782
914.6363	916.8603
915.0391	917.2298
915.3158	917.4381
915.6731	918.3162
916.0752	918.4601
916.1146	918.6267
916.6192	919.1462
917.0590	919.4072
917.1148	919.3627
918.8105	920.3604
920.4839	922.5647
920.5637	922.8249
920.8345	922.6588
921.7021	923.8070
921.9362	924.4448
922.1067	924.6993
922.1488	924.6840
922.3320	924.7834
924.7118	926.4592
924.9243	926.7362
925.0905	926.9765
925.4222	927.2286
926.0040	927.6446
926.1579	927.7054
926.9757	929.1149
927.0678	929.4580
927.1394	929.6853
927.2899	929.9073
930.2015	931.7550
931.4457	932.9334
933.1001	935.7105
933.1869	936.2007
933.2856	936.6198
933.4664	936.7643
933.5320	936.7166
934.8259	937.5924
935.5479	938.5343
936.2347	938.9468
936.5500	938.9860
937.5799	939.4224
938.4273	940.1022
938.6309	940.4059
939.2252	940.8382
939.4504	940.9235
939.8474	941.6103
942.4240	944.2833
942.5130	944.3861
943.1826	944.8095
944.0520	945.7906
944.0734	945.9422
945.0427	946.7425
945.6238	947.1798
945.9143	947.4886
947.0062	948.6301
947.3558	949.4624
947.4749	950.1917
947.5958	950.2643
947.8442	950.5990
948.2601	951.3021
948.3405	951.4672
948.3775	951.5836
948.7509	951.9384
949.6643	952.4712
949.7547	952.3167
950.1761	952.4427
951.1122	952.5990
953.2299	955.1805
953.2485	955.0891
954.5771	956.5046
955.9862	957.6959
957.1352	958.9237
957.3078	960.0259
957.3806	960.5245
957.5472	960.6886
957.5543	960.7103
957.7036	960.8851
958.7925	962.2583
958.9418	962.6471
959.1332	962.8891
959.2313	963.1887
959.3627	963.2600
959.5105	963.3696
959.5608	963.5579
960.1850	964.1850
960.1889	964.3895
960.2415	964.3542
962.3322	965.7748
962.7165	966.0509
963.1914	966.2178
963.5699	966.2805
964.8547	966.6448
965.2064	967.1781
966.2411	968.1633
966.2686	968.2778
966.5917	968.3682
967.9521	969.5685
968.5678	970.9289
968.7135	970.8870
969.4374	971.1597
971.6056	973.2150
971.9446	973.6013
974.5963	976.0474
975.6797	977.5368
975.7205	977.8366
975.8282	978.4073
976.8380	980.2293
976.8745	980.4164
977.1169	980.5232
977.4193	980.7437
977.7015	980.9532
977.9438	981.1127
978.0702	981.0574
978.4987	981.0530
979.7912	981.5940
981.1913	983.7335
981.4409	984.1615
981.8014	984.1661
983.5833	985.1141
984.5063	986.1186
984.8609	986.7044
985.4030	987.2732
986.3981	988.1523
986.7846	988.4114
987.3983	989.3119
989.2849	991.5371
989.3201	991.5905
990.1681	991.8221
990.2688	992.0536
990.8450	993.1230
991.6390	993.9051
992.7284	994.4588
993.0925	994.8046
993.2255	995.2402
993.8506	995.7859
995.9439	997.6014
996.9579	998.8054
997.9543	999.8270
